0101198800864
0103199700575
0104199700575
1997899500254
1997001200575
0102199800575
0103159412365
0102548756954
7896546321458
2145789632145
8754693214569
7896541200000
0000000000000
1122336654789
7788996654123
7788996632145
7896541236987
7896541236555
7777888899632
1111111111111
2222222222222
7777777777777
7777778888888
1234567891011
1234564567896
7894561236598
7894561236589
7891234563665
0202198800671
5555555555551
0801199711628
0101198800752
0101198500356
0101198600123
0101198400879
0101198900654
0101198900145
0101194500789
0101198200567
0101198800285
0101198000267
0101197700526
0101197700256
0101197700416
0407789413245
0801987611628
0801999911628
0810199911628
0801199720203
0907199711628
0908199711543
0809090811654
1353199711628
9999189711654
0889199756783
9879199733456
1234080199629
1256199788628
1997080111628
0908199777623
0908199766543
